
3312
3321
3373
3381
3391
3398
3403
3408
3446
3451
3452
3455
3456
3457
3458
1506
2963
3463
3464
3466
3467
3468
3469
3470
3471
3472
3473
3474
3475
3476
3477
3478
3479
3100
3480
3481
3482
3483
3484
3485
3486
3487
3489
3488
3490
3491
3492
3205
3493
3494
3495
3496
3497
3498
3499
3500
3394
3096
3505
3506
3502
3501
3503
3504
3421
3507
3508
3509
3510
3511
3512
3513
3514
3515
3518
3516
3517
3520
3521
3522
3523
1294
3524
3525
3526
3527
3528
3529
3531
3532
3533
3302
3535
3534
3536
3537
3538
3539
3540
3541
3542
3543
3544
3545
3546
3547
3548
3549
3550
3552
3553
3555
3556
3557
3558
3559
3560
3561
3562
3563
3564
